3.001
XEBEC;S1410;1;256
CMI;CM-5205;F
256;2;32;0;0;0;100;100
256;256;0
0;0;0;0;0;0
XEBEC;S1410;1;256
CMI;CM-5410;F
256;4;32;0;0;0;100;100
256;256;0
0;0;0;0;0;0
XEBEC;S1410;1;256
CMI;CM-5616;F
256;6;32;0;0;0;100;100
256;256;0
0;0;0;0;0;0
XEBEC;S1410;1;256
OLI;HD561;F
180;2;32;0;0;0;100;100
128;180;0
0;0;0;0;0;0
XEBEC;S1410;1;256
OLI;HD562;F
180;2;32;0;0;0;100;100
128;180;0
0;0;0;0;0;0
XEBEC;S1410;1;256
RMS;503;F
153;2;32;0;0;0;100;100
77;77;0
0;0;0;0;0;0
XEBEC;S1410;1;256
RMS;506;F
153;4;32;0;0;0;100;100
77;77;0
0;0;0;0;0;0
XEBEC;S1410;1;256
RMS;512;F
153;8;32;0;0;0;100;100
77;77;0
0;0;0;0;0;0
XEBEC;S1410;1;256
SEA;ST-506;F
153;4;32;0;0;0;100;100
128;64;0
0;0;0;0;0;0
XEBEC;S1410;1;256
SEA;ST-412;F
306;4;32;0;0;0;100;100
128;64;0
0;0;0;0;0;0
XEBEC;S1410;1;256
TAN;TM602S;F
153;4;32;0;0;0;100;100
128;153;0
0;0;0;0;0;0
XEBEC;S1410;1;256
TAN;TM603S;F
153;6;32;0;0;0;100;100
128;153;0
0;0;0;0;0;0
XEBEC;S1410;1;256
TAN;TM603SE;F
230;6;32;0;0;0;100;100
128;128;0
0;0;0;0;0;0
XEBEC;S1410;1;256
TI;5-1/4+;F
153;4;32;0;0;0;100;100
64;64;0
0;0;0;0;0;0
XEBEC;S1410;1;256
RO;101;F
192;2;32;0;0;0;100;100
96;0;0
0;0;0;0;0;0
XEBEC;S1410;1;256
RO;102;F
192;4;32;0;0;0;100;100
96;0;0
0;0;0;0;0;0
XEBEC;S1410;1;256
RO;103;F
192;6;32;0;0;0;100;100
96;0;0
0;0;0;0;0;0
XEBEC;S1410;1;256
RO;104;F
192;8;32;0;0;0;100;100
96;0;0
0;0;0;0;0;0
XEBEC;S1410;1;256
RO;201;F
321;2;32;0;0;0;100;100
132;0;0
0;0;0;0;0;0
XEBEC;S1410;1;256
RO;202;F
321;4;32;0;0;0;100;100
132;0;0
0;0;0;0;0;0
XEBEC;S1410;1;256
RO;203;F
321;6;32;0;0;0;100;100
132;0;0
0;0;0;0;0;0
XEBEC;S1410;1;256
RO;204;F
321;8;32;0;0;0;100;100
132;0;0
0;0;0;0;0;0
XEBEC;S1410;1;256
MS;1-006;F
306;2;32;0;0;0;100;100
153;0;0
0;0;0;0;0;0
XEBEC;S1410;1;256
MS;1-012;F
306;4;32;0;0;0;100;100
153;0;0
0;0;0;0;0;0
KOYADO;Z67-IDE;1;256
CF;CF;F
2048;8;32;0;0;0;100;100
0;0;0
0;0;0;0;0;0
